[gd_scene format=3 uid="uid://b46nucqwh0xsl"]

[ext_resource type="PackedScene" uid="uid://bpuwfdi56xoau" path="res://app/game/worlds/models/cube.glb" id="1_bcxc4"]
[ext_resource type="Script" uid="uid://ljdti2hjik14" path="res://app/game/worlds/SpawnManager.gd" id="2_5geq7"]
[ext_resource type="PackedScene" uid="uid://bpk6vmuacbrvy" path="res://app/game/items/cube/Cube.tscn" id="2_30h0s"]
[ext_resource type="PackedScene" uid="uid://cvl14edykthr5" path="res://app/game/items/keypad/Keypad.tscn" id="2_c274h"]
[ext_resource type="PackedScene" uid="uid://btyr81q5i50hy" path="res://app/game/items/door/Door.tscn" id="4_30h0s"]
[ext_resource type="PackedScene" uid="uid://nnaa5dl8v4wu" path="res://app/game/items/plane/Plane.tscn" id="6_ad2w5"]

[sub_resource type="PlaneMesh" id="PlaneMesh_bfthn"]
size = Vector2(15, 15)

[sub_resource type="BoxShape3D" id="BoxShape3D_8mhuu"]
size = Vector3(15, 0, 15)

[sub_resource type="PhysicalSkyMaterial" id="PhysicalSkyMaterial_bcxc4"]

[sub_resource type="Sky" id="Sky_5geq7"]
sky_material = SubResource("PhysicalSkyMaterial_bcxc4")

[sub_resource type="Environment" id="Environment_bcxc4"]
background_mode = 2
sky = SubResource("Sky_5geq7")
ssr_enabled = true
ssao_enabled = true
ssil_enabled = true
sdfgi_enabled = true
glow_enabled = true

[sub_resource type="BoxShape3D" id="BoxShape3D_bcxc4"]
size = Vector3(2, 2, 2)

[node name="GameWorld" type="Node3D" unique_id=1404312807]

[node name="GroundPlane" type="MeshInstance3D" parent="." unique_id=1459774560]
transform = Transform3D(1.00393, 0, 0, 0, 1.00393, 0, 0, 0, 1.00393, 0, 0, 0)
mesh = SubResource("PlaneMesh_bfthn")

[node name="StaticBody3D" type="StaticBody3D" parent="GroundPlane" unique_id=1694330633]

[node name="CollisionShape3D" type="CollisionShape3D" parent="GroundPlane/StaticBody3D" unique_id=1025016590]
shape = SubResource("BoxShape3D_8mhuu")

[node name="WorldEnvironment" type="WorldEnvironment" parent="." unique_id=983836539]
environment = SubResource("Environment_bcxc4")

[node name="DirectionalLight3D" type="DirectionalLight3D" parent="." unique_id=1361878470]
transform = Transform3D(-0.626914, 0.429945, -0.649713, -0.0286577, 0.820649, 0.570714, 0.778561, 0.376408, -0.502155, -5, 10, -3)
light_energy = 2.0
shadow_enabled = true

[node name="PhysicsCube" parent="." unique_id=858351530 instance=ExtResource("2_30h0s")]
transform = Transform3D(1, 0, 0, 0, 1, 0, 0, 0, 1, 2.924341, 0.27253395, -3.6265616)

[node name="Keypad" parent="." unique_id=438612277 instance=ExtResource("2_c274h")]
transform = Transform3D(0.8239778, -0.5666219, 6.7568973e-09, -5.7492573e-16, 1.192488e-08, 1, -0.5666219, -0.8239778, 9.82584e-09, 1.6073487, 1.13247, 3.0477386)

[node name="bigcube" parent="." unique_id=2033660520 instance=ExtResource("1_bcxc4")]
transform = Transform3D(0.819152, 0, 0.573576, 0, 1, 0, -0.573576, 0, 0.819152, 2, 0, 4)

[node name="StaticBody3D" type="StaticBody3D" parent="bigcube" unique_id=2004580155]

[node name="CollisionShape3D" type="CollisionShape3D" parent="bigcube/StaticBody3D" unique_id=1808679141]
transform = Transform3D(1.00128, 0, 0, 0, 1.00128, 0, 0, 0, 1.00128, 0, 1, 0)
shape = SubResource("BoxShape3D_bcxc4")

[node name="SpawnManager" type="Node3D" parent="." unique_id=1929162974]
script = ExtResource("2_5geq7")

[node name="Door" parent="." unique_id=1619259476 instance=ExtResource("4_30h0s")]
transform = Transform3D(1, 0, 0, 0, 1, 0, 0, 0, 1, -3.7489364, -4.7683716e-07, -1.9556003)

[node name="Plane" parent="." unique_id=220405785 instance=ExtResource("6_ad2w5")]
transform = Transform3D(1, 0, 0, 0, 1, 0, 0, 0, 1, -32.421864, 0.6310797, 0)
